2023/11/15-16:39:20.040188 206f82240 RocksDB version: 6.20.3
2023/11/15-16:39:20.040891 206f82240 Git sha 8608d75d85f8e1b3b64b73a4fb6d19baec61ba5c
2023/11/15-16:39:20.040893 206f82240 Compile date 2021-05-05 20:35:30
2023/11/15-16:39:20.040908 206f82240 DB SUMMARY
2023/11/15-16:39:20.040910 206f82240 DB Session ID:  H9OW1S40AVJKY5RTT92M
2023/11/15-16:39:20.040959 206f82240 SST files in /Users/blackbird/Documents/Codes/Blockchain/health-dapp/.dfx/network/local/state/replicated_state/node-100/ic_consensus_pool/consensus dir, Total Num: 0, files: 
2023/11/15-16:39:20.040961 206f82240 Write Ahead Log file in /Users/blackbird/Documents/Codes/Blockchain/health-dapp/.dfx/network/local/state/replicated_state/node-100/ic_consensus_pool/consensus: 
2023/11/15-16:39:20.040963 206f82240                         Options.error_if_exists: 0
2023/11/15-16:39:20.040964 206f82240                       Options.create_if_missing: 1
2023/11/15-16:39:20.040964 206f82240                         Options.paranoid_checks: 1
2023/11/15-16:39:20.040965 206f82240                               Options.track_and_verify_wals_in_manifest: 0
2023/11/15-16:39:20.040966 206f82240                                     Options.env: 0x105ad7ec8
2023/11/15-16:39:20.040968 206f82240                                      Options.fs: Posix File System
2023/11/15-16:39:20.040969 206f82240                                Options.info_log: 0x7fa2edf357d0
2023/11/15-16:39:20.040970 206f82240                Options.max_file_opening_threads: 16
2023/11/15-16:39:20.040971 206f82240                              Options.statistics: 0x0
2023/11/15-16:39:20.040972 206f82240                               Options.use_fsync: 1
2023/11/15-16:39:20.040972 206f82240                       Options.max_log_file_size: 0
2023/11/15-16:39:20.040973 206f82240                  Options.max_manifest_file_size: 1073741824
2023/11/15-16:39:20.040974 206f82240                   Options.log_file_time_to_roll: 0
2023/11/15-16:39:20.040975 206f82240                       Options.keep_log_file_num: 1000
2023/11/15-16:39:20.040976 206f82240                    Options.recycle_log_file_num: 0
2023/11/15-16:39:20.040977 206f82240                         Options.allow_fallocate: 1
2023/11/15-16:39:20.040977 206f82240                        Options.allow_mmap_reads: 0
2023/11/15-16:39:20.040978 206f82240                       Options.allow_mmap_writes: 0
2023/11/15-16:39:20.040979 206f82240                        Options.use_direct_reads: 0
2023/11/15-16:39:20.040980 206f82240                        Options.use_direct_io_for_flush_and_compaction: 0
2023/11/15-16:39:20.040981 206f82240          Options.create_missing_column_families: 1
2023/11/15-16:39:20.040981 206f82240                              Options.db_log_dir: 
2023/11/15-16:39:20.040982 206f82240                                 Options.wal_dir: /Users/blackbird/Documents/Codes/Blockchain/health-dapp/.dfx/network/local/state/replicated_state/node-100/ic_consensus_pool/consensus
2023/11/15-16:39:20.040983 206f82240                Options.table_cache_numshardbits: 6
2023/11/15-16:39:20.040984 206f82240                         Options.WAL_ttl_seconds: 0
2023/11/15-16:39:20.040985 206f82240                       Options.WAL_size_limit_MB: 0
2023/11/15-16:39:20.040985 206f82240                        Options.max_write_batch_group_size_bytes: 1048576
2023/11/15-16:39:20.040986 206f82240             Options.manifest_preallocation_size: 4194304
2023/11/15-16:39:20.040987 206f82240                     Options.is_fd_close_on_exec: 1
2023/11/15-16:39:20.040988 206f82240                   Options.advise_random_on_open: 1
2023/11/15-16:39:20.040989 206f82240                    Options.db_write_buffer_size: 0
2023/11/15-16:39:20.040989 206f82240                    Options.write_buffer_manager: 0x7fa2edf358d0
2023/11/15-16:39:20.040990 206f82240         Options.access_hint_on_compaction_start: 1
2023/11/15-16:39:20.040991 206f82240  Options.new_table_reader_for_compaction_inputs: 0
2023/11/15-16:39:20.040992 206f82240           Options.random_access_max_buffer_size: 1048576
2023/11/15-16:39:20.040993 206f82240                      Options.use_adaptive_mutex: 0
2023/11/15-16:39:20.041006 206f82240                            Options.rate_limiter: 0x0
2023/11/15-16:39:20.041009 206f82240     Options.sst_file_manager.rate_bytes_per_sec: 0
2023/11/15-16:39:20.041010 206f82240                       Options.wal_recovery_mode: 2
2023/11/15-16:39:20.041011 206f82240                  Options.enable_thread_tracking: 0
2023/11/15-16:39:20.041012 206f82240                  Options.enable_pipelined_write: 0
2023/11/15-16:39:20.041013 206f82240                  Options.unordered_write: 0
2023/11/15-16:39:20.041014 206f82240         Options.allow_concurrent_memtable_write: 1
2023/11/15-16:39:20.041014 206f82240      Options.enable_write_thread_adaptive_yield: 1
2023/11/15-16:39:20.041015 206f82240             Options.write_thread_max_yield_usec: 100
2023/11/15-16:39:20.041016 206f82240            Options.write_thread_slow_yield_usec: 3
2023/11/15-16:39:20.041017 206f82240                               Options.row_cache: None
2023/11/15-16:39:20.041018 206f82240                              Options.wal_filter: None
2023/11/15-16:39:20.041018 206f82240             Options.avoid_flush_during_recovery: 0
2023/11/15-16:39:20.041019 206f82240             Options.allow_ingest_behind: 0
2023/11/15-16:39:20.041020 206f82240             Options.preserve_deletes: 0
2023/11/15-16:39:20.041021 206f82240             Options.two_write_queues: 0
2023/11/15-16:39:20.041022 206f82240             Options.manual_wal_flush: 0
2023/11/15-16:39:20.041022 206f82240             Options.atomic_flush: 0
2023/11/15-16:39:20.041023 206f82240             Options.avoid_unnecessary_blocking_io: 0
2023/11/15-16:39:20.041024 206f82240                 Options.persist_stats_to_disk: 0
2023/11/15-16:39:20.041025 206f82240                 Options.write_dbid_to_manifest: 0
2023/11/15-16:39:20.041026 206f82240                 Options.log_readahead_size: 0
2023/11/15-16:39:20.041026 206f82240                 Options.file_checksum_gen_factory: Unknown
2023/11/15-16:39:20.041027 206f82240                 Options.best_efforts_recovery: 0
2023/11/15-16:39:20.041028 206f82240                Options.max_bgerror_resume_count: 2147483647
2023/11/15-16:39:20.041029 206f82240            Options.bgerror_resume_retry_interval: 1000000
2023/11/15-16:39:20.041030 206f82240             Options.allow_data_in_errors: 0
2023/11/15-16:39:20.041031 206f82240             Options.db_host_id: __hostname__
2023/11/15-16:39:20.041031 206f82240             Options.max_background_jobs: 2
2023/11/15-16:39:20.041032 206f82240             Options.max_background_compactions: -1
2023/11/15-16:39:20.041033 206f82240             Options.max_subcompactions: 1
2023/11/15-16:39:20.041034 206f82240             Options.avoid_flush_during_shutdown: 0
2023/11/15-16:39:20.041035 206f82240           Options.writable_file_max_buffer_size: 1048576
2023/11/15-16:39:20.041035 206f82240             Options.delayed_write_rate : 16777216
2023/11/15-16:39:20.041036 206f82240             Options.max_total_wal_size: 0
2023/11/15-16:39:20.041037 206f82240             Options.delete_obsolete_files_period_micros: 21600000000
2023/11/15-16:39:20.041038 206f82240                   Options.stats_dump_period_sec: 600
2023/11/15-16:39:20.041039 206f82240                 Options.stats_persist_period_sec: 600
2023/11/15-16:39:20.041040 206f82240                 Options.stats_history_buffer_size: 1048576
2023/11/15-16:39:20.041040 206f82240                          Options.max_open_files: -1
2023/11/15-16:39:20.041041 206f82240                          Options.bytes_per_sync: 0
2023/11/15-16:39:20.041042 206f82240                      Options.wal_bytes_per_sync: 0
2023/11/15-16:39:20.041043 206f82240                   Options.strict_bytes_per_sync: 0
2023/11/15-16:39:20.041044 206f82240       Options.compaction_readahead_size: 0
2023/11/15-16:39:20.041044 206f82240                  Options.max_background_flushes: -1
2023/11/15-16:39:20.041045 206f82240 Compression algorithms supported:
2023/11/15-16:39:20.041046 206f82240 	kZSTD supported: 0
2023/11/15-16:39:20.041047 206f82240 	kZlibCompression supported: 0
2023/11/15-16:39:20.041071 206f82240 	kXpressCompression supported: 0
2023/11/15-16:39:20.041072 206f82240 	kSnappyCompression supported: 0
2023/11/15-16:39:20.041073 206f82240 	kZSTDNotFinalCompression supported: 0
2023/11/15-16:39:20.041074 206f82240 	kLZ4HCCompression supported: 0
2023/11/15-16:39:20.041074 206f82240 	kLZ4Compression supported: 0
2023/11/15-16:39:20.041075 206f82240 	kBZip2Compression supported: 0
2023/11/15-16:39:20.041077 206f82240 Fast CRC32 supported: Not supported on x86
2023/11/15-16:39:20.041437 206f82240 [db/db_impl/db_impl_open.cc:285] Creating manifest 1 
2023/11/15-16:39:20.042182 206f82240 [db/version_set.cc:4627] Recovering from manifest file: /Users/blackbird/Documents/Codes/Blockchain/health-dapp/.dfx/network/local/state/replicated_state/node-100/ic_consensus_pool/consensus/MANIFEST-000001
2023/11/15-16:39:20.042253 206f82240 [db/column_family.cc:598] --------------- Options for column family [default]:
2023/11/15-16:39:20.042255 206f82240               Options.comparator: leveldb.BytewiseComparator
2023/11/15-16:39:20.042256 206f82240           Options.merge_operator: None
2023/11/15-16:39:20.042257 206f82240        Options.compaction_filter: None
2023/11/15-16:39:20.042258 206f82240        Options.compaction_filter_factory: None
2023/11/15-16:39:20.042260 206f82240  Options.sst_partitioner_factory: None
2023/11/15-16:39:20.042261 206f82240         Options.memtable_factory: SkipListFactory
2023/11/15-16:39:20.042262 206f82240            Options.table_factory: BlockBasedTable
2023/11/15-16:39:20.042282 206f82240            table_factory options:   flush_block_policy_factory: FlushBlockBySizePolicyFactory (0x7fa2edf34780)
  cache_index_and_filter_blocks: 0
  cache_index_and_filter_blocks_with_high_priority: 1
  pin_l0_filter_and_index_blocks_in_cache: 0
  pin_top_level_index_and_filter: 1
  index_type: 0
  data_block_index_type: 0
  index_shortening: 1
  data_block_hash_table_util_ratio: 0.750000
  hash_index_allow_collision: 1
  checksum: 1
  no_block_cache: 0
  block_cache: 0x7fa2edf347c8
  block_cache_name: LRUCache
  block_cache_options:
    capacity : 8388608
    num_shard_bits : 4
    strict_capacity_limit : 0
    memory_allocator : None
    high_pri_pool_ratio: 0.000
  block_cache_compressed: 0x0
  persistent_cache: 0x0
  block_size: 4096
  block_size_deviation: 10
  block_restart_interval: 16
  index_block_restart_interval: 1
  metadata_block_size: 4096
  partition_filters: 0
  use_delta_encoding: 1
  filter_policy: nullptr
  whole_key_filtering: 1
  verify_compression: 0
  read_amp_bytes_per_bit: 0
  format_version: 5
  enable_index_compression: 1
  block_align: 0
2023/11/15-16:39:20.042284 206f82240        Options.write_buffer_size: 67108864
2023/11/15-16:39:20.042285 206f82240  Options.max_write_buffer_number: 2
2023/11/15-16:39:20.042288 206f82240          Options.compression: NoCompression
2023/11/15-16:39:20.042289 206f82240                  Options.bottommost_compression: Disabled
2023/11/15-16:39:20.042289 206f82240       Options.prefix_extractor: nullptr
2023/11/15-16:39:20.042290 206f82240   Options.memtable_insert_with_hint_prefix_extractor: nullptr
2023/11/15-16:39:20.042291 206f82240             Options.num_levels: 7
2023/11/15-16:39:20.042292 206f82240        Options.min_write_buffer_number_to_merge: 1
2023/11/15-16:39:20.042293 206f82240     Options.max_write_buffer_number_to_maintain: 0
2023/11/15-16:39:20.042294 206f82240     Options.max_write_buffer_size_to_maintain: 0
2023/11/15-16:39:20.042295 206f82240            Options.bottommost_compression_opts.window_bits: -14
2023/11/15-16:39:20.042295 206f82240                  Options.bottommost_compression_opts.level: 32767
2023/11/15-16:39:20.042296 206f82240               Options.bottommost_compression_opts.strategy: 0
2023/11/15-16:39:20.042297 206f82240         Options.bottommost_compression_opts.max_dict_bytes: 0
2023/11/15-16:39:20.042298 206f82240         Options.bottommost_compression_opts.zstd_max_train_bytes: 0
2023/11/15-16:39:20.042299 206f82240         Options.bottommost_compression_opts.parallel_threads: 1
2023/11/15-16:39:20.043547 206f82240                  Options.bottommost_compression_opts.enabled: false
2023/11/15-16:39:20.043551 206f82240         Options.bottommost_compression_opts.max_dict_buffer_bytes: 0
2023/11/15-16:39:20.043552 206f82240            Options.compression_opts.window_bits: -14
2023/11/15-16:39:20.043553 206f82240                  Options.compression_opts.level: 32767
2023/11/15-16:39:20.043554 206f82240               Options.compression_opts.strategy: 0
2023/11/15-16:39:20.043555 206f82240         Options.compression_opts.max_dict_bytes: 0
2023/11/15-16:39:20.043555 206f82240         Options.compression_opts.zstd_max_train_bytes: 0
2023/11/15-16:39:20.043556 206f82240         Options.compression_opts.parallel_threads: 1
2023/11/15-16:39:20.043557 206f82240                  Options.compression_opts.enabled: false
2023/11/15-16:39:20.043558 206f82240         Options.compression_opts.max_dict_buffer_bytes: 0
2023/11/15-16:39:20.043559 206f82240      Options.level0_file_num_compaction_trigger: 4
2023/11/15-16:39:20.043560 206f82240          Options.level0_slowdown_writes_trigger: 20
2023/11/15-16:39:20.043561 206f82240              Options.level0_stop_writes_trigger: 36
2023/11/15-16:39:20.043561 206f82240                   Options.target_file_size_base: 67108864
2023/11/15-16:39:20.043562 206f82240             Options.target_file_size_multiplier: 1
2023/11/15-16:39:20.043563 206f82240                Options.max_bytes_for_level_base: 268435456
2023/11/15-16:39:20.043564 206f82240 Options.level_compaction_dynamic_level_bytes: 0
2023/11/15-16:39:20.043565 206f82240          Options.max_bytes_for_level_multiplier: 10.000000
2023/11/15-16:39:20.043566 206f82240 Options.max_bytes_for_level_multiplier_addtl[0]: 1
2023/11/15-16:39:20.043567 206f82240 Options.max_bytes_for_level_multiplier_addtl[1]: 1
2023/11/15-16:39:20.043568 206f82240 Options.max_bytes_for_level_multiplier_addtl[2]: 1
2023/11/15-16:39:20.043569 206f82240 Options.max_bytes_for_level_multiplier_addtl[3]: 1
2023/11/15-16:39:20.043570 206f82240 Options.max_bytes_for_level_multiplier_addtl[4]: 1
2023/11/15-16:39:20.043571 206f82240 Options.max_bytes_for_level_multiplier_addtl[5]: 1
2023/11/15-16:39:20.043572 206f82240 Options.max_bytes_for_level_multiplier_addtl[6]: 1
2023/11/15-16:39:20.043572 206f82240       Options.max_sequential_skip_in_iterations: 8
2023/11/15-16:39:20.043573 206f82240                    Options.max_compaction_bytes: 1677721600
2023/11/15-16:39:20.043574 206f82240                        Options.arena_block_size: 8388608
2023/11/15-16:39:20.043575 206f82240   Options.soft_pending_compaction_bytes_limit: 68719476736
2023/11/15-16:39:20.043576 206f82240   Options.hard_pending_compaction_bytes_limit: 274877906944
2023/11/15-16:39:20.043577 206f82240       Options.rate_limit_delay_max_milliseconds: 100
2023/11/15-16:39:20.043577 206f82240                Options.disable_auto_compactions: 0
2023/11/15-16:39:20.043579 206f82240                        Options.compaction_style: kCompactionStyleLevel
2023/11/15-16:39:20.043580 206f82240                          Options.compaction_pri: kMinOverlappingRatio
2023/11/15-16:39:20.043581 206f82240 Options.compaction_options_universal.size_ratio: 1
2023/11/15-16:39:20.043582 206f82240 Options.compaction_options_universal.min_merge_width: 2
2023/11/15-16:39:20.043582 206f82240 Options.compaction_options_universal.max_merge_width: 4294967295
2023/11/15-16:39:20.043583 206f82240 Options.compaction_options_universal.max_size_amplification_percent: 200
2023/11/15-16:39:20.043584 206f82240 Options.compaction_options_universal.compression_size_percent: -1
2023/11/15-16:39:20.043586 206f82240 Options.compaction_options_universal.stop_style: kCompactionStopStyleTotalSize
2023/11/15-16:39:20.043587 206f82240 Options.compaction_options_fifo.max_table_files_size: 1073741824
2023/11/15-16:39:20.043588 206f82240 Options.compaction_options_fifo.allow_compaction: 0
2023/11/15-16:39:20.043591 206f82240                   Options.table_properties_collectors: 
2023/11/15-16:39:20.043613 206f82240                   Options.inplace_update_support: 0
2023/11/15-16:39:20.043615 206f82240                 Options.inplace_update_num_locks: 10000
2023/11/15-16:39:20.043615 206f82240               Options.memtable_prefix_bloom_size_ratio: 0.000000
2023/11/15-16:39:20.043616 206f82240               Options.memtable_whole_key_filtering: 0
2023/11/15-16:39:20.043617 206f82240   Options.memtable_huge_page_size: 0
2023/11/15-16:39:20.043618 206f82240                           Options.bloom_locality: 0
2023/11/15-16:39:20.043619 206f82240                    Options.max_successive_merges: 0
2023/11/15-16:39:20.043620 206f82240                Options.optimize_filters_for_hits: 0
2023/11/15-16:39:20.043621 206f82240                Options.paranoid_file_checks: 0
2023/11/15-16:39:20.043621 206f82240                Options.force_consistency_checks: 1
2023/11/15-16:39:20.043622 206f82240                Options.report_bg_io_stats: 0
2023/11/15-16:39:20.043623 206f82240                               Options.ttl: 2592000
2023/11/15-16:39:20.043624 206f82240          Options.periodic_compaction_seconds: 0
2023/11/15-16:39:20.043625 206f82240                    Options.enable_blob_files: false
2023/11/15-16:39:20.043626 206f82240                        Options.min_blob_size: 0
2023/11/15-16:39:20.043627 206f82240                       Options.blob_file_size: 268435456
2023/11/15-16:39:20.043627 206f82240                Options.blob_compression_type: NoCompression
2023/11/15-16:39:20.043628 206f82240       Options.enable_blob_garbage_collection: false
2023/11/15-16:39:20.043629 206f82240   Options.blob_garbage_collection_age_cutoff: 0.250000
2023/11/15-16:39:20.044423 206f82240 [db/version_set.cc:4675] Recovered from manifest file:/Users/blackbird/Documents/Codes/Blockchain/health-dapp/.dfx/network/local/state/replicated_state/node-100/ic_consensus_pool/consensus/MANIFEST-000001 succeeded,manifest_file_number is 1, next_file_number is 3, last_sequence is 0, log_number is 0,prev_log_number is 0,max_column_family is 0,min_log_number_to_keep is 0
2023/11/15-16:39:20.044436 206f82240 [db/version_set.cc:4684] Column family [default] (ID 0), log number is 0
2023/11/15-16:39:20.044562 206f82240 [db/version_set.cc:4119] Creating manifest 4
2023/11/15-16:39:20.045671 206f82240 [db/column_family.cc:598] --------------- Options for column family [RB]:
2023/11/15-16:39:20.045675 206f82240               Options.comparator: leveldb.BytewiseComparator
2023/11/15-16:39:20.045676 206f82240           Options.merge_operator: None
2023/11/15-16:39:20.045683 206f82240        Options.compaction_filter: filter_outdated
2023/11/15-16:39:20.045684 206f82240        Options.compaction_filter_factory: None
2023/11/15-16:39:20.045685 206f82240  Options.sst_partitioner_factory: None
2023/11/15-16:39:20.045686 206f82240         Options.memtable_factory: SkipListFactory
2023/11/15-16:39:20.045687 206f82240            Options.table_factory: BlockBasedTable
2023/11/15-16:39:20.045702 206f82240            table_factory options:   flush_block_policy_factory: FlushBlockBySizePolicyFactory (0x7fa2edf2b560)
  cache_index_and_filter_blocks: 0
  cache_index_and_filter_blocks_with_high_priority: 1
  pin_l0_filter_and_index_blocks_in_cache: 0
  pin_top_level_index_and_filter: 1
  index_type: 0
  data_block_index_type: 0
  index_shortening: 1
  data_block_hash_table_util_ratio: 0.750000
  hash_index_allow_collision: 1
  checksum: 1
  no_block_cache: 0
  block_cache: 0x7fa2edf2b5a8
  block_cache_name: LRUCache
  block_cache_options:
    capacity : 8388608
    num_shard_bits : 4
    strict_capacity_limit : 0
    memory_allocator : None
    high_pri_pool_ratio: 0.000
  block_cache_compressed: 0x0
  persistent_cache: 0x0
  block_size: 4096
  block_size_deviation: 10
  block_restart_interval: 16
  index_block_restart_interval: 1
  metadata_block_size: 4096
  partition_filters: 0
  use_delta_encoding: 1
  filter_policy: nullptr
  whole_key_filtering: 1
  verify_compression: 0
  read_amp_bytes_per_bit: 0
  format_version: 5
  enable_index_compression: 1
  block_align: 0
2023/11/15-16:39:20.045708 206f82240        Options.write_buffer_size: 67108864
2023/11/15-16:39:20.045709 206f82240  Options.max_write_buffer_number: 2
2023/11/15-16:39:20.045710 206f82240          Options.compression: NoCompression
2023/11/15-16:39:20.045710 206f82240                  Options.bottommost_compression: Disabled
2023/11/15-16:39:20.045711 206f82240       Options.prefix_extractor: nullptr
2023/11/15-16:39:20.045712 206f82240   Options.memtable_insert_with_hint_prefix_extractor: nullptr
2023/11/15-16:39:20.045713 206f82240             Options.num_levels: 7
2023/11/15-16:39:20.045714 206f82240        Options.min_write_buffer_number_to_merge: 1
2023/11/15-16:39:20.045715 206f82240     Options.max_write_buffer_number_to_maintain: 0
2023/11/15-16:39:20.045715 206f82240     Options.max_write_buffer_size_to_maintain: 0
2023/11/15-16:39:20.045716 206f82240            Options.bottommost_compression_opts.window_bits: -14
2023/11/15-16:39:20.045717 206f82240                  Options.bottommost_compression_opts.level: 32767
2023/11/15-16:39:20.045718 206f82240               Options.bottommost_compression_opts.strategy: 0
2023/11/15-16:39:20.045719 206f82240         Options.bottommost_compression_opts.max_dict_bytes: 0
2023/11/15-16:39:20.045720 206f82240         Options.bottommost_compression_opts.zstd_max_train_bytes: 0
2023/11/15-16:39:20.045720 206f82240         Options.bottommost_compression_opts.parallel_threads: 1
2023/11/15-16:39:20.045721 206f82240                  Options.bottommost_compression_opts.enabled: false
2023/11/15-16:39:20.045722 206f82240         Options.bottommost_compression_opts.max_dict_buffer_bytes: 0
2023/11/15-16:39:20.045723 206f82240            Options.compression_opts.window_bits: -14
2023/11/15-16:39:20.045724 206f82240                  Options.compression_opts.level: 32767
2023/11/15-16:39:20.045725 206f82240               Options.compression_opts.strategy: 0
2023/11/15-16:39:20.045725 206f82240         Options.compression_opts.max_dict_bytes: 0
2023/11/15-16:39:20.045726 206f82240         Options.compression_opts.zstd_max_train_bytes: 0
2023/11/15-16:39:20.045727 206f82240         Options.compression_opts.parallel_threads: 1
2023/11/15-16:39:20.045728 206f82240                  Options.compression_opts.enabled: false
2023/11/15-16:39:20.045744 206f82240         Options.compression_opts.max_dict_buffer_bytes: 0
2023/11/15-16:39:20.045745 206f82240      Options.level0_file_num_compaction_trigger: 4
2023/11/15-16:39:20.045746 206f82240          Options.level0_slowdown_writes_trigger: 20
2023/11/15-16:39:20.045747 206f82240              Options.level0_stop_writes_trigger: 36
2023/11/15-16:39:20.045747 206f82240                   Options.target_file_size_base: 67108864
2023/11/15-16:39:20.045748 206f82240             Options.target_file_size_multiplier: 1
2023/11/15-16:39:20.045749 206f82240                Options.max_bytes_for_level_base: 268435456
2023/11/15-16:39:20.045750 206f82240 Options.level_compaction_dynamic_level_bytes: 0
2023/11/15-16:39:20.045751 206f82240          Options.max_bytes_for_level_multiplier: 10.000000
2023/11/15-16:39:20.045752 206f82240 Options.max_bytes_for_level_multiplier_addtl[0]: 1
2023/11/15-16:39:20.045753 206f82240 Options.max_bytes_for_level_multiplier_addtl[1]: 1
2023/11/15-16:39:20.045754 206f82240 Options.max_bytes_for_level_multiplier_addtl[2]: 1
2023/11/15-16:39:20.045755 206f82240 Options.max_bytes_for_level_multiplier_addtl[3]: 1
2023/11/15-16:39:20.045756 206f82240 Options.max_bytes_for_level_multiplier_addtl[4]: 1
2023/11/15-16:39:20.045756 206f82240 Options.max_bytes_for_level_multiplier_addtl[5]: 1
2023/11/15-16:39:20.045757 206f82240 Options.max_bytes_for_level_multiplier_addtl[6]: 1
2023/11/15-16:39:20.045758 206f82240       Options.max_sequential_skip_in_iterations: 8
2023/11/15-16:39:20.045759 206f82240                    Options.max_compaction_bytes: 1677721600
2023/11/15-16:39:20.045760 206f82240                        Options.arena_block_size: 8388608
2023/11/15-16:39:20.045761 206f82240   Options.soft_pending_compaction_bytes_limit: 68719476736
2023/11/15-16:39:20.045762 206f82240   Options.hard_pending_compaction_bytes_limit: 274877906944
2023/11/15-16:39:20.045762 206f82240       Options.rate_limit_delay_max_milliseconds: 100
2023/11/15-16:39:20.045763 206f82240                Options.disable_auto_compactions: 1
2023/11/15-16:39:20.045764 206f82240                        Options.compaction_style: kCompactionStyleLevel
2023/11/15-16:39:20.045765 206f82240                          Options.compaction_pri: kMinOverlappingRatio
2023/11/15-16:39:20.045766 206f82240 Options.compaction_options_universal.size_ratio: 1
2023/11/15-16:39:20.045767 206f82240 Options.compaction_options_universal.min_merge_width: 2
2023/11/15-16:39:20.045768 206f82240 Options.compaction_options_universal.max_merge_width: 4294967295
2023/11/15-16:39:20.045769 206f82240 Options.compaction_options_universal.max_size_amplification_percent: 200
2023/11/15-16:39:20.045780 206f82240 Options.compaction_options_universal.compression_size_percent: -1
2023/11/15-16:39:20.045781 206f82240 Options.compaction_options_universal.stop_style: kCompactionStopStyleTotalSize
2023/11/15-16:39:20.045782 206f82240 Options.compaction_options_fifo.max_table_files_size: 1073741824
2023/11/15-16:39:20.045783 206f82240 Options.compaction_options_fifo.allow_compaction: 0
2023/11/15-16:39:20.045785 206f82240                   Options.table_properties_collectors: 
2023/11/15-16:39:20.045786 206f82240                   Options.inplace_update_support: 0
2023/11/15-16:39:20.045787 206f82240                 Options.inplace_update_num_locks: 10000
2023/11/15-16:39:20.045787 206f82240               Options.memtable_prefix_bloom_size_ratio: 0.000000
2023/11/15-16:39:20.045788 206f82240               Options.memtable_whole_key_filtering: 0
2023/11/15-16:39:20.045789 206f82240   Options.memtable_huge_page_size: 0
2023/11/15-16:39:20.045790 206f82240                           Options.bloom_locality: 0
2023/11/15-16:39:20.045791 206f82240                    Options.max_successive_merges: 0
2023/11/15-16:39:20.045792 206f82240                Options.optimize_filters_for_hits: 0
2023/11/15-16:39:20.045793 206f82240                Options.paranoid_file_checks: 0
2023/11/15-16:39:20.045793 206f82240                Options.force_consistency_checks: 1
2023/11/15-16:39:20.045818 206f82240                Options.report_bg_io_stats: 0
2023/11/15-16:39:20.045819 206f82240                               Options.ttl: 2592000
2023/11/15-16:39:20.045819 206f82240          Options.periodic_compaction_seconds: 2592000
2023/11/15-16:39:20.045820 206f82240                    Options.enable_blob_files: false
2023/11/15-16:39:20.045821 206f82240                        Options.min_blob_size: 0
2023/11/15-16:39:20.045822 206f82240                       Options.blob_file_size: 268435456
2023/11/15-16:39:20.045823 206f82240                Options.blob_compression_type: NoCompression
2023/11/15-16:39:20.045824 206f82240       Options.enable_blob_garbage_collection: false
2023/11/15-16:39:20.045824 206f82240   Options.blob_garbage_collection_age_cutoff: 0.250000
2023/11/15-16:39:20.045880 206f82240 [db/db_impl/db_impl.cc:2662] Created column family [RB] (ID 1)
2023/11/15-16:39:20.047938 206f82240 [db/column_family.cc:598] --------------- Options for column family [FZ]:
2023/11/15-16:39:20.047943 206f82240               Options.comparator: leveldb.BytewiseComparator
2023/11/15-16:39:20.047944 206f82240           Options.merge_operator: None
2023/11/15-16:39:20.047945 206f82240        Options.compaction_filter: filter_outdated
2023/11/15-16:39:20.047946 206f82240        Options.compaction_filter_factory: None
2023/11/15-16:39:20.047947 206f82240  Options.sst_partitioner_factory: None
2023/11/15-16:39:20.047948 206f82240         Options.memtable_factory: SkipListFactory
2023/11/15-16:39:20.047948 206f82240            Options.table_factory: BlockBasedTable
2023/11/15-16:39:20.047960 206f82240            table_factory options:   flush_block_policy_factory: FlushBlockBySizePolicyFactory (0x7fa2edf2c180)
  cache_index_and_filter_blocks: 0
  cache_index_and_filter_blocks_with_high_priority: 1
  pin_l0_filter_and_index_blocks_in_cache: 0
  pin_top_level_index_and_filter: 1
  index_type: 0
  data_block_index_type: 0
  index_shortening: 1
  data_block_hash_table_util_ratio: 0.750000
  hash_index_allow_collision: 1
  checksum: 1
  no_block_cache: 0
  block_cache: 0x7fa2edf2c1c8
  block_cache_name: LRUCache
  block_cache_options:
    capacity : 8388608
    num_shard_bits : 4
    strict_capacity_limit : 0
    memory_allocator : None
    high_pri_pool_ratio: 0.000
  block_cache_compressed: 0x0
  persistent_cache: 0x0
  block_size: 4096
  block_size_deviation: 10
  block_restart_interval: 16
  index_block_restart_interval: 1
  metadata_block_size: 4096
  partition_filters: 0
  use_delta_encoding: 1
  filter_policy: nullptr
  whole_key_filtering: 1
  verify_compression: 0
  read_amp_bytes_per_bit: 0
  format_version: 5
  enable_index_compression: 1
  block_align: 0
2023/11/15-16:39:20.047962 206f82240        Options.write_buffer_size: 67108864
2023/11/15-16:39:20.047963 206f82240  Options.max_write_buffer_number: 2
2023/11/15-16:39:20.047964 206f82240          Options.compression: NoCompression
2023/11/15-16:39:20.047965 206f82240                  Options.bottommost_compression: Disabled
2023/11/15-16:39:20.047966 206f82240       Options.prefix_extractor: nullptr
2023/11/15-16:39:20.047967 206f82240   Options.memtable_insert_with_hint_prefix_extractor: nullptr
2023/11/15-16:39:20.047967 206f82240             Options.num_levels: 7
2023/11/15-16:39:20.047968 206f82240        Options.min_write_buffer_number_to_merge: 1
2023/11/15-16:39:20.047969 206f82240     Options.max_write_buffer_number_to_maintain: 0
2023/11/15-16:39:20.047970 206f82240     Options.max_write_buffer_size_to_maintain: 0
2023/11/15-16:39:20.047971 206f82240            Options.bottommost_compression_opts.window_bits: -14
2023/11/15-16:39:20.047972 206f82240                  Options.bottommost_compression_opts.level: 32767
2023/11/15-16:39:20.047972 206f82240               Options.bottommost_compression_opts.strategy: 0
2023/11/15-16:39:20.047973 206f82240         Options.bottommost_compression_opts.max_dict_bytes: 0
2023/11/15-16:39:20.047974 206f82240         Options.bottommost_compression_opts.zstd_max_train_bytes: 0
2023/11/15-16:39:20.047975 206f82240         Options.bottommost_compression_opts.parallel_threads: 1
2023/11/15-16:39:20.047976 206f82240                  Options.bottommost_compression_opts.enabled: false
2023/11/15-16:39:20.047977 206f82240         Options.bottommost_compression_opts.max_dict_buffer_bytes: 0
2023/11/15-16:39:20.047977 206f82240            Options.compression_opts.window_bits: -14
2023/11/15-16:39:20.047978 206f82240                  Options.compression_opts.level: 32767
2023/11/15-16:39:20.047979 206f82240               Options.compression_opts.strategy: 0
2023/11/15-16:39:20.047980 206f82240         Options.compression_opts.max_dict_bytes: 0
2023/11/15-16:39:20.047981 206f82240         Options.compression_opts.zstd_max_train_bytes: 0
2023/11/15-16:39:20.047982 206f82240         Options.compression_opts.parallel_threads: 1
2023/11/15-16:39:20.047982 206f82240                  Options.compression_opts.enabled: false
2023/11/15-16:39:20.048027 206f82240         Options.compression_opts.max_dict_buffer_bytes: 0
2023/11/15-16:39:20.048028 206f82240      Options.level0_file_num_compaction_trigger: 4
2023/11/15-16:39:20.048029 206f82240          Options.level0_slowdown_writes_trigger: 20
2023/11/15-16:39:20.048030 206f82240              Options.level0_stop_writes_trigger: 36
2023/11/15-16:39:20.048031 206f82240                   Options.target_file_size_base: 67108864
2023/11/15-16:39:20.048032 206f82240             Options.target_file_size_multiplier: 1
2023/11/15-16:39:20.048033 206f82240                Options.max_bytes_for_level_base: 268435456
2023/11/15-16:39:20.048033 206f82240 Options.level_compaction_dynamic_level_bytes: 0
2023/11/15-16:39:20.048034 206f82240          Options.max_bytes_for_level_multiplier: 10.000000
2023/11/15-16:39:20.048035 206f82240 Options.max_bytes_for_level_multiplier_addtl[0]: 1
2023/11/15-16:39:20.048036 206f82240 Options.max_bytes_for_level_multiplier_addtl[1]: 1
2023/11/15-16:39:20.048037 206f82240 Options.max_bytes_for_level_multiplier_addtl[2]: 1
2023/11/15-16:39:20.048038 206f82240 Options.max_bytes_for_level_multiplier_addtl[3]: 1
2023/11/15-16:39:20.048039 206f82240 Options.max_bytes_for_level_multiplier_addtl[4]: 1
2023/11/15-16:39:20.048040 206f82240 Options.max_bytes_for_level_multiplier_addtl[5]: 1
2023/11/15-16:39:20.048041 206f82240 Options.max_bytes_for_level_multiplier_addtl[6]: 1
2023/11/15-16:39:20.048041 206f82240       Options.max_sequential_skip_in_iterations: 8
2023/11/15-16:39:20.048042 206f82240                    Options.max_compaction_bytes: 1677721600
2023/11/15-16:39:20.048043 206f82240                        Options.arena_block_size: 8388608
2023/11/15-16:39:20.048044 206f82240   Options.soft_pending_compaction_bytes_limit: 68719476736
2023/11/15-16:39:20.048045 206f82240   Options.hard_pending_compaction_bytes_limit: 274877906944
2023/11/15-16:39:20.048046 206f82240       Options.rate_limit_delay_max_milliseconds: 100
2023/11/15-16:39:20.048047 206f82240                Options.disable_auto_compactions: 1
2023/11/15-16:39:20.048048 206f82240                        Options.compaction_style: kCompactionStyleLevel
2023/11/15-16:39:20.048049 206f82240                          Options.compaction_pri: kMinOverlappingRatio
2023/11/15-16:39:20.048050 206f82240 Options.compaction_options_universal.size_ratio: 1
2023/11/15-16:39:20.048051 206f82240 Options.compaction_options_universal.min_merge_width: 2
2023/11/15-16:39:20.048051 206f82240 Options.compaction_options_universal.max_merge_width: 4294967295
2023/11/15-16:39:20.048052 206f82240 Options.compaction_options_universal.max_size_amplification_percent: 200
2023/11/15-16:39:20.048053 206f82240 Options.compaction_options_universal.compression_size_percent: -1
2023/11/15-16:39:20.048054 206f82240 Options.compaction_options_universal.stop_style: kCompactionStopStyleTotalSize
2023/11/15-16:39:20.048055 206f82240 Options.compaction_options_fifo.max_table_files_size: 1073741824
2023/11/15-16:39:20.048056 206f82240 Options.compaction_options_fifo.allow_compaction: 0
2023/11/15-16:39:20.048058 206f82240                   Options.table_properties_collectors: 
2023/11/15-16:39:20.048059 206f82240                   Options.inplace_update_support: 0
2023/11/15-16:39:20.048060 206f82240                 Options.inplace_update_num_locks: 10000
2023/11/15-16:39:20.048060 206f82240               Options.memtable_prefix_bloom_size_ratio: 0.000000
2023/11/15-16:39:20.048061 206f82240               Options.memtable_whole_key_filtering: 0
2023/11/15-16:39:20.048062 206f82240   Options.memtable_huge_page_size: 0
2023/11/15-16:39:20.048063 206f82240                           Options.bloom_locality: 0
2023/11/15-16:39:20.048064 206f82240                    Options.max_successive_merges: 0
2023/11/15-16:39:20.048065 206f82240                Options.optimize_filters_for_hits: 0
2023/11/15-16:39:20.048065 206f82240                Options.paranoid_file_checks: 0
2023/11/15-16:39:20.048066 206f82240                Options.force_consistency_checks: 1
2023/11/15-16:39:20.048086 206f82240                Options.report_bg_io_stats: 0
2023/11/15-16:39:20.048087 206f82240                               Options.ttl: 2592000
2023/11/15-16:39:20.048088 206f82240          Options.periodic_compaction_seconds: 2592000
2023/11/15-16:39:20.048089 206f82240                    Options.enable_blob_files: false
2023/11/15-16:39:20.048090 206f82240                        Options.min_blob_size: 0
2023/11/15-16:39:20.048091 206f82240                       Options.blob_file_size: 268435456
2023/11/15-16:39:20.048092 206f82240                Options.blob_compression_type: NoCompression
2023/11/15-16:39:20.048092 206f82240       Options.enable_blob_garbage_collection: false
2023/11/15-16:39:20.048093 206f82240   Options.blob_garbage_collection_age_cutoff: 0.250000
2023/11/15-16:39:20.048146 206f82240 [db/db_impl/db_impl.cc:2662] Created column family [FZ] (ID 2)
2023/11/15-16:39:20.050365 206f82240 [db/column_family.cc:598] --------------- Options for column family [NZ]:
2023/11/15-16:39:20.050369 206f82240               Options.comparator: leveldb.BytewiseComparator
2023/11/15-16:39:20.050370 206f82240           Options.merge_operator: None
2023/11/15-16:39:20.050371 206f82240        Options.compaction_filter: filter_outdated
2023/11/15-16:39:20.050372 206f82240        Options.compaction_filter_factory: None
2023/11/15-16:39:20.050373 206f82240  Options.sst_partitioner_factory: None
2023/11/15-16:39:20.050374 206f82240         Options.memtable_factory: SkipListFactory
2023/11/15-16:39:20.050374 206f82240            Options.table_factory: BlockBasedTable
2023/11/15-16:39:20.050389 206f82240            table_factory options:   flush_block_policy_factory: FlushBlockBySizePolicyFactory (0x7fa2edf2cda0)
  cache_index_and_filter_blocks: 0
  cache_index_and_filter_blocks_with_high_priority: 1
  pin_l0_filter_and_index_blocks_in_cache: 0
  pin_top_level_index_and_filter: 1
  index_type: 0
  data_block_index_type: 0
  index_shortening: 1
  data_block_hash_table_util_ratio: 0.750000
  hash_index_allow_collision: 1
  checksum: 1
  no_block_cache: 0
  block_cache: 0x7fa2edf2cde8
  block_cache_name: LRUCache
  block_cache_options:
    capacity : 8388608
    num_shard_bits : 4
    strict_capacity_limit : 0
    memory_allocator : None
    high_pri_pool_ratio: 0.000
  block_cache_compressed: 0x0
  persistent_cache: 0x0
  block_size: 4096
  block_size_deviation: 10
  block_restart_interval: 16
  index_block_restart_interval: 1
  metadata_block_size: 4096
  partition_filters: 0
  use_delta_encoding: 1
  filter_policy: nullptr
  whole_key_filtering: 1
  verify_compression: 0
  read_amp_bytes_per_bit: 0
  format_version: 5
  enable_index_compression: 1
  block_align: 0
2023/11/15-16:39:20.050391 206f82240        Options.write_buffer_size: 67108864
2023/11/15-16:39:20.050391 206f82240  Options.max_write_buffer_number: 2
2023/11/15-16:39:20.050392 206f82240          Options.compression: NoCompression
2023/11/15-16:39:20.050393 206f82240                  Options.bottommost_compression: Disabled
2023/11/15-16:39:20.050394 206f82240       Options.prefix_extractor: nullptr
2023/11/15-16:39:20.050395 206f82240   Options.memtable_insert_with_hint_prefix_extractor: nullptr
2023/11/15-16:39:20.050396 206f82240             Options.num_levels: 7
2023/11/15-16:39:20.050397 206f82240        Options.min_write_buffer_number_to_merge: 1
2023/11/15-16:39:20.050397 206f82240     Options.max_write_buffer_number_to_maintain: 0
2023/11/15-16:39:20.050398 206f82240     Options.max_write_buffer_size_to_maintain: 0
2023/11/15-16:39:20.050399 206f82240            Options.bottommost_compression_opts.window_bits: -14
2023/11/15-16:39:20.050400 206f82240                  Options.bottommost_compression_opts.level: 32767
2023/11/15-16:39:20.050401 206f82240               Options.bottommost_compression_opts.strategy: 0
