2023/11/15-16:39:20.128490 206f82240 RocksDB version: 6.20.3
2023/11/15-16:39:20.128791 206f82240 Git sha 8608d75d85f8e1b3b64b73a4fb6d19baec61ba5c
2023/11/15-16:39:20.128794 206f82240 Compile date 2021-05-05 20:35:30
2023/11/15-16:39:20.128812 206f82240 DB SUMMARY
2023/11/15-16:39:20.128813 206f82240 DB Session ID:  OZJ6S841BHTYF0B25E1H
2023/11/15-16:39:20.128839 206f82240 SST files in /Users/blackbird/Documents/Codes/Blockchain/health-dapp/.dfx/network/local/state/replicated_state/node-100/ic_consensus_pool/certification dir, Total Num: 0, files: 
2023/11/15-16:39:20.128841 206f82240 Write Ahead Log file in /Users/blackbird/Documents/Codes/Blockchain/health-dapp/.dfx/network/local/state/replicated_state/node-100/ic_consensus_pool/certification: 
2023/11/15-16:39:20.128844 206f82240                         Options.error_if_exists: 0
2023/11/15-16:39:20.128845 206f82240                       Options.create_if_missing: 1
2023/11/15-16:39:20.128846 206f82240                         Options.paranoid_checks: 1
2023/11/15-16:39:20.128847 206f82240                               Options.track_and_verify_wals_in_manifest: 0
2023/11/15-16:39:20.128847 206f82240                                     Options.env: 0x105ad7ec8
2023/11/15-16:39:20.128848 206f82240                                      Options.fs: Posix File System
2023/11/15-16:39:20.128849 206f82240                                Options.info_log: 0x7fa2ef0337f0
2023/11/15-16:39:20.128850 206f82240                Options.max_file_opening_threads: 16
2023/11/15-16:39:20.128851 206f82240                              Options.statistics: 0x0
2023/11/15-16:39:20.128852 206f82240                               Options.use_fsync: 1
2023/11/15-16:39:20.128852 206f82240                       Options.max_log_file_size: 0
2023/11/15-16:39:20.128853 206f82240                  Options.max_manifest_file_size: 1073741824
2023/11/15-16:39:20.128854 206f82240                   Options.log_file_time_to_roll: 0
2023/11/15-16:39:20.128855 206f82240                       Options.keep_log_file_num: 1000
2023/11/15-16:39:20.128856 206f82240                    Options.recycle_log_file_num: 0
2023/11/15-16:39:20.128857 206f82240                         Options.allow_fallocate: 1
2023/11/15-16:39:20.128857 206f82240                        Options.allow_mmap_reads: 0
2023/11/15-16:39:20.128858 206f82240                       Options.allow_mmap_writes: 0
2023/11/15-16:39:20.128859 206f82240                        Options.use_direct_reads: 0
2023/11/15-16:39:20.128860 206f82240                        Options.use_direct_io_for_flush_and_compaction: 0
2023/11/15-16:39:20.128860 206f82240          Options.create_missing_column_families: 1
2023/11/15-16:39:20.128861 206f82240                              Options.db_log_dir: 
2023/11/15-16:39:20.128862 206f82240                                 Options.wal_dir: /Users/blackbird/Documents/Codes/Blockchain/health-dapp/.dfx/network/local/state/replicated_state/node-100/ic_consensus_pool/certification
2023/11/15-16:39:20.128863 206f82240                Options.table_cache_numshardbits: 6
2023/11/15-16:39:20.128864 206f82240                         Options.WAL_ttl_seconds: 0
2023/11/15-16:39:20.128864 206f82240                       Options.WAL_size_limit_MB: 0
2023/11/15-16:39:20.128865 206f82240                        Options.max_write_batch_group_size_bytes: 1048576
2023/11/15-16:39:20.128866 206f82240             Options.manifest_preallocation_size: 4194304
2023/11/15-16:39:20.128867 206f82240                     Options.is_fd_close_on_exec: 1
2023/11/15-16:39:20.128868 206f82240                   Options.advise_random_on_open: 1
2023/11/15-16:39:20.128868 206f82240                    Options.db_write_buffer_size: 0
2023/11/15-16:39:20.128869 206f82240                    Options.write_buffer_manager: 0x7fa2ef033760
2023/11/15-16:39:20.128870 206f82240         Options.access_hint_on_compaction_start: 1
2023/11/15-16:39:20.128871 206f82240  Options.new_table_reader_for_compaction_inputs: 0
2023/11/15-16:39:20.128872 206f82240           Options.random_access_max_buffer_size: 1048576
2023/11/15-16:39:20.128872 206f82240                      Options.use_adaptive_mutex: 0
2023/11/15-16:39:20.128886 206f82240                            Options.rate_limiter: 0x0
2023/11/15-16:39:20.128888 206f82240     Options.sst_file_manager.rate_bytes_per_sec: 0
2023/11/15-16:39:20.128888 206f82240                       Options.wal_recovery_mode: 2
2023/11/15-16:39:20.128889 206f82240                  Options.enable_thread_tracking: 0
2023/11/15-16:39:20.128890 206f82240                  Options.enable_pipelined_write: 0
2023/11/15-16:39:20.128891 206f82240                  Options.unordered_write: 0
2023/11/15-16:39:20.128892 206f82240         Options.allow_concurrent_memtable_write: 1
2023/11/15-16:39:20.128892 206f82240      Options.enable_write_thread_adaptive_yield: 1
2023/11/15-16:39:20.128893 206f82240             Options.write_thread_max_yield_usec: 100
2023/11/15-16:39:20.128894 206f82240            Options.write_thread_slow_yield_usec: 3
2023/11/15-16:39:20.128895 206f82240                               Options.row_cache: None
2023/11/15-16:39:20.128896 206f82240                              Options.wal_filter: None
2023/11/15-16:39:20.128896 206f82240             Options.avoid_flush_during_recovery: 0
2023/11/15-16:39:20.128897 206f82240             Options.allow_ingest_behind: 0
2023/11/15-16:39:20.128898 206f82240             Options.preserve_deletes: 0
2023/11/15-16:39:20.128899 206f82240             Options.two_write_queues: 0
2023/11/15-16:39:20.128899 206f82240             Options.manual_wal_flush: 0
2023/11/15-16:39:20.128900 206f82240             Options.atomic_flush: 0
2023/11/15-16:39:20.128901 206f82240             Options.avoid_unnecessary_blocking_io: 0
2023/11/15-16:39:20.128902 206f82240                 Options.persist_stats_to_disk: 0
2023/11/15-16:39:20.128903 206f82240                 Options.write_dbid_to_manifest: 0
2023/11/15-16:39:20.128903 206f82240                 Options.log_readahead_size: 0
2023/11/15-16:39:20.128904 206f82240                 Options.file_checksum_gen_factory: Unknown
2023/11/15-16:39:20.128905 206f82240                 Options.best_efforts_recovery: 0
2023/11/15-16:39:20.128906 206f82240                Options.max_bgerror_resume_count: 2147483647
2023/11/15-16:39:20.128907 206f82240            Options.bgerror_resume_retry_interval: 1000000
2023/11/15-16:39:20.128907 206f82240             Options.allow_data_in_errors: 0
2023/11/15-16:39:20.128908 206f82240             Options.db_host_id: __hostname__
2023/11/15-16:39:20.128909 206f82240             Options.max_background_jobs: 2
2023/11/15-16:39:20.128910 206f82240             Options.max_background_compactions: -1
2023/11/15-16:39:20.128911 206f82240             Options.max_subcompactions: 1
2023/11/15-16:39:20.128911 206f82240             Options.avoid_flush_during_shutdown: 0
2023/11/15-16:39:20.128912 206f82240           Options.writable_file_max_buffer_size: 1048576
2023/11/15-16:39:20.128913 206f82240             Options.delayed_write_rate : 16777216
2023/11/15-16:39:20.128914 206f82240             Options.max_total_wal_size: 0
2023/11/15-16:39:20.128915 206f82240             Options.delete_obsolete_files_period_micros: 21600000000
2023/11/15-16:39:20.128915 206f82240                   Options.stats_dump_period_sec: 600
2023/11/15-16:39:20.128916 206f82240                 Options.stats_persist_period_sec: 600
2023/11/15-16:39:20.128917 206f82240                 Options.stats_history_buffer_size: 1048576
2023/11/15-16:39:20.128918 206f82240                          Options.max_open_files: -1
2023/11/15-16:39:20.128919 206f82240                          Options.bytes_per_sync: 0
2023/11/15-16:39:20.128919 206f82240                      Options.wal_bytes_per_sync: 0
2023/11/15-16:39:20.128920 206f82240                   Options.strict_bytes_per_sync: 0
2023/11/15-16:39:20.128921 206f82240       Options.compaction_readahead_size: 0
2023/11/15-16:39:20.128922 206f82240                  Options.max_background_flushes: -1
2023/11/15-16:39:20.128923 206f82240 Compression algorithms supported:
2023/11/15-16:39:20.128925 206f82240 	kZSTD supported: 0
2023/11/15-16:39:20.128926 206f82240 	kZlibCompression supported: 0
2023/11/15-16:39:20.128935 206f82240 	kXpressCompression supported: 0
2023/11/15-16:39:20.128936 206f82240 	kSnappyCompression supported: 0
2023/11/15-16:39:20.128936 206f82240 	kZSTDNotFinalCompression supported: 0
2023/11/15-16:39:20.128937 206f82240 	kLZ4HCCompression supported: 0
2023/11/15-16:39:20.128938 206f82240 	kLZ4Compression supported: 0
2023/11/15-16:39:20.128939 206f82240 	kBZip2Compression supported: 0
2023/11/15-16:39:20.128940 206f82240 Fast CRC32 supported: Not supported on x86
2023/11/15-16:39:20.129207 206f82240 [db/db_impl/db_impl_open.cc:285] Creating manifest 1 
2023/11/15-16:39:20.129495 206f82240 [db/version_set.cc:4627] Recovering from manifest file: /Users/blackbird/Documents/Codes/Blockchain/health-dapp/.dfx/network/local/state/replicated_state/node-100/ic_consensus_pool/certification/MANIFEST-000001
2023/11/15-16:39:20.129531 206f82240 [db/column_family.cc:598] --------------- Options for column family [default]:
2023/11/15-16:39:20.129533 206f82240               Options.comparator: leveldb.BytewiseComparator
2023/11/15-16:39:20.129534 206f82240           Options.merge_operator: None
2023/11/15-16:39:20.129535 206f82240        Options.compaction_filter: None
2023/11/15-16:39:20.129536 206f82240        Options.compaction_filter_factory: None
2023/11/15-16:39:20.129537 206f82240  Options.sst_partitioner_factory: None
2023/11/15-16:39:20.129538 206f82240         Options.memtable_factory: SkipListFactory
2023/11/15-16:39:20.129538 206f82240            Options.table_factory: BlockBasedTable
2023/11/15-16:39:20.129563 206f82240            table_factory options:   flush_block_policy_factory: FlushBlockBySizePolicyFactory (0x7fa2ef032b10)
  cache_index_and_filter_blocks: 0
  cache_index_and_filter_blocks_with_high_priority: 1
  pin_l0_filter_and_index_blocks_in_cache: 0
  pin_top_level_index_and_filter: 1
  index_type: 0
  data_block_index_type: 0
  index_shortening: 1
  data_block_hash_table_util_ratio: 0.750000
  hash_index_allow_collision: 1
  checksum: 1
  no_block_cache: 0
  block_cache: 0x7fa2ef032b58
  block_cache_name: LRUCache
  block_cache_options:
    capacity : 8388608
    num_shard_bits : 4
    strict_capacity_limit : 0
    memory_allocator : None
    high_pri_pool_ratio: 0.000
  block_cache_compressed: 0x0
  persistent_cache: 0x0
  block_size: 4096
  block_size_deviation: 10
  block_restart_interval: 16
  index_block_restart_interval: 1
  metadata_block_size: 4096
  partition_filters: 0
  use_delta_encoding: 1
  filter_policy: nullptr
  whole_key_filtering: 1
  verify_compression: 0
  read_amp_bytes_per_bit: 0
  format_version: 5
  enable_index_compression: 1
  block_align: 0
2023/11/15-16:39:20.129569 206f82240        Options.write_buffer_size: 67108864
2023/11/15-16:39:20.129570 206f82240  Options.max_write_buffer_number: 2
2023/11/15-16:39:20.129571 206f82240          Options.compression: NoCompression
2023/11/15-16:39:20.129572 206f82240                  Options.bottommost_compression: Disabled
2023/11/15-16:39:20.129573 206f82240       Options.prefix_extractor: nullptr
2023/11/15-16:39:20.129574 206f82240   Options.memtable_insert_with_hint_prefix_extractor: nullptr
2023/11/15-16:39:20.129575 206f82240             Options.num_levels: 7
2023/11/15-16:39:20.129575 206f82240        Options.min_write_buffer_number_to_merge: 1
2023/11/15-16:39:20.129576 206f82240     Options.max_write_buffer_number_to_maintain: 0
2023/11/15-16:39:20.129577 206f82240     Options.max_write_buffer_size_to_maintain: 0
2023/11/15-16:39:20.129578 206f82240            Options.bottommost_compression_opts.window_bits: -14
2023/11/15-16:39:20.129579 206f82240                  Options.bottommost_compression_opts.level: 32767
2023/11/15-16:39:20.129580 206f82240               Options.bottommost_compression_opts.strategy: 0
2023/11/15-16:39:20.129580 206f82240         Options.bottommost_compression_opts.max_dict_bytes: 0
2023/11/15-16:39:20.129581 206f82240         Options.bottommost_compression_opts.zstd_max_train_bytes: 0
2023/11/15-16:39:20.129582 206f82240         Options.bottommost_compression_opts.parallel_threads: 1
2023/11/15-16:39:20.129593 206f82240                  Options.bottommost_compression_opts.enabled: false
2023/11/15-16:39:20.129594 206f82240         Options.bottommost_compression_opts.max_dict_buffer_bytes: 0
2023/11/15-16:39:20.129595 206f82240            Options.compression_opts.window_bits: -14
2023/11/15-16:39:20.129596 206f82240                  Options.compression_opts.level: 32767
2023/11/15-16:39:20.129597 206f82240               Options.compression_opts.strategy: 0
2023/11/15-16:39:20.129598 206f82240         Options.compression_opts.max_dict_bytes: 0
2023/11/15-16:39:20.129599 206f82240         Options.compression_opts.zstd_max_train_bytes: 0
2023/11/15-16:39:20.129599 206f82240         Options.compression_opts.parallel_threads: 1
2023/11/15-16:39:20.129600 206f82240                  Options.compression_opts.enabled: false
2023/11/15-16:39:20.129601 206f82240         Options.compression_opts.max_dict_buffer_bytes: 0
2023/11/15-16:39:20.129602 206f82240      Options.level0_file_num_compaction_trigger: 4
2023/11/15-16:39:20.129603 206f82240          Options.level0_slowdown_writes_trigger: 20
2023/11/15-16:39:20.129603 206f82240              Options.level0_stop_writes_trigger: 36
2023/11/15-16:39:20.129604 206f82240                   Options.target_file_size_base: 67108864
2023/11/15-16:39:20.129605 206f82240             Options.target_file_size_multiplier: 1
2023/11/15-16:39:20.129606 206f82240                Options.max_bytes_for_level_base: 268435456
2023/11/15-16:39:20.129607 206f82240 Options.level_compaction_dynamic_level_bytes: 0
2023/11/15-16:39:20.129607 206f82240          Options.max_bytes_for_level_multiplier: 10.000000
2023/11/15-16:39:20.129609 206f82240 Options.max_bytes_for_level_multiplier_addtl[0]: 1
2023/11/15-16:39:20.129609 206f82240 Options.max_bytes_for_level_multiplier_addtl[1]: 1
2023/11/15-16:39:20.129610 206f82240 Options.max_bytes_for_level_multiplier_addtl[2]: 1
2023/11/15-16:39:20.129611 206f82240 Options.max_bytes_for_level_multiplier_addtl[3]: 1
2023/11/15-16:39:20.129612 206f82240 Options.max_bytes_for_level_multiplier_addtl[4]: 1
2023/11/15-16:39:20.129613 206f82240 Options.max_bytes_for_level_multiplier_addtl[5]: 1
2023/11/15-16:39:20.129614 206f82240 Options.max_bytes_for_level_multiplier_addtl[6]: 1
2023/11/15-16:39:20.129614 206f82240       Options.max_sequential_skip_in_iterations: 8
2023/11/15-16:39:20.129615 206f82240                    Options.max_compaction_bytes: 1677721600
2023/11/15-16:39:20.129616 206f82240                        Options.arena_block_size: 8388608
2023/11/15-16:39:20.129617 206f82240   Options.soft_pending_compaction_bytes_limit: 68719476736
2023/11/15-16:39:20.129618 206f82240   Options.hard_pending_compaction_bytes_limit: 274877906944
2023/11/15-16:39:20.129619 206f82240       Options.rate_limit_delay_max_milliseconds: 100
2023/11/15-16:39:20.129619 206f82240                Options.disable_auto_compactions: 0
2023/11/15-16:39:20.129622 206f82240                        Options.compaction_style: kCompactionStyleLevel
2023/11/15-16:39:20.129623 206f82240                          Options.compaction_pri: kMinOverlappingRatio
2023/11/15-16:39:20.129624 206f82240 Options.compaction_options_universal.size_ratio: 1
2023/11/15-16:39:20.129624 206f82240 Options.compaction_options_universal.min_merge_width: 2
2023/11/15-16:39:20.129625 206f82240 Options.compaction_options_universal.max_merge_width: 4294967295
2023/11/15-16:39:20.129626 206f82240 Options.compaction_options_universal.max_size_amplification_percent: 200
2023/11/15-16:39:20.129627 206f82240 Options.compaction_options_universal.compression_size_percent: -1
2023/11/15-16:39:20.129628 206f82240 Options.compaction_options_universal.stop_style: kCompactionStopStyleTotalSize
2023/11/15-16:39:20.129629 206f82240 Options.compaction_options_fifo.max_table_files_size: 1073741824
2023/11/15-16:39:20.129630 206f82240 Options.compaction_options_fifo.allow_compaction: 0
2023/11/15-16:39:20.129633 206f82240                   Options.table_properties_collectors: 
2023/11/15-16:39:20.129642 206f82240                   Options.inplace_update_support: 0
2023/11/15-16:39:20.129643 206f82240                 Options.inplace_update_num_locks: 10000
2023/11/15-16:39:20.129644 206f82240               Options.memtable_prefix_bloom_size_ratio: 0.000000
2023/11/15-16:39:20.129645 206f82240               Options.memtable_whole_key_filtering: 0
2023/11/15-16:39:20.129646 206f82240   Options.memtable_huge_page_size: 0
2023/11/15-16:39:20.129647 206f82240                           Options.bloom_locality: 0
2023/11/15-16:39:20.129647 206f82240                    Options.max_successive_merges: 0
2023/11/15-16:39:20.129648 206f82240                Options.optimize_filters_for_hits: 0
2023/11/15-16:39:20.129649 206f82240                Options.paranoid_file_checks: 0
2023/11/15-16:39:20.129650 206f82240                Options.force_consistency_checks: 1
2023/11/15-16:39:20.129651 206f82240                Options.report_bg_io_stats: 0
2023/11/15-16:39:20.129651 206f82240                               Options.ttl: 2592000
2023/11/15-16:39:20.129652 206f82240          Options.periodic_compaction_seconds: 0
2023/11/15-16:39:20.129653 206f82240                    Options.enable_blob_files: false
2023/11/15-16:39:20.129654 206f82240                        Options.min_blob_size: 0
2023/11/15-16:39:20.129655 206f82240                       Options.blob_file_size: 268435456
2023/11/15-16:39:20.129656 206f82240                Options.blob_compression_type: NoCompression
2023/11/15-16:39:20.129656 206f82240       Options.enable_blob_garbage_collection: false
2023/11/15-16:39:20.129657 206f82240   Options.blob_garbage_collection_age_cutoff: 0.250000
2023/11/15-16:39:20.130198 206f82240 [db/version_set.cc:4675] Recovered from manifest file:/Users/blackbird/Documents/Codes/Blockchain/health-dapp/.dfx/network/local/state/replicated_state/node-100/ic_consensus_pool/certification/MANIFEST-000001 succeeded,manifest_file_number is 1, next_file_number is 3, last_sequence is 0, log_number is 0,prev_log_number is 0,max_column_family is 0,min_log_number_to_keep is 0
2023/11/15-16:39:20.130201 206f82240 [db/version_set.cc:4684] Column family [default] (ID 0), log number is 0
2023/11/15-16:39:20.130262 206f82240 [db/version_set.cc:4119] Creating manifest 4
2023/11/15-16:39:20.130695 206f82240 [db/column_family.cc:598] --------------- Options for column family [CE]:
2023/11/15-16:39:20.130697 206f82240               Options.comparator: leveldb.BytewiseComparator
2023/11/15-16:39:20.130698 206f82240           Options.merge_operator: None
2023/11/15-16:39:20.130700 206f82240        Options.compaction_filter: filter_outdated
2023/11/15-16:39:20.130701 206f82240        Options.compaction_filter_factory: None
2023/11/15-16:39:20.130701 206f82240  Options.sst_partitioner_factory: None
2023/11/15-16:39:20.130702 206f82240         Options.memtable_factory: SkipListFactory
2023/11/15-16:39:20.130703 206f82240            Options.table_factory: BlockBasedTable
2023/11/15-16:39:20.130716 206f82240            table_factory options:   flush_block_policy_factory: FlushBlockBySizePolicyFactory (0x7fa2ef031230)
  cache_index_and_filter_blocks: 0
  cache_index_and_filter_blocks_with_high_priority: 1
  pin_l0_filter_and_index_blocks_in_cache: 0
  pin_top_level_index_and_filter: 1
  index_type: 0
  data_block_index_type: 0
  index_shortening: 1
  data_block_hash_table_util_ratio: 0.750000
  hash_index_allow_collision: 1
  checksum: 1
  no_block_cache: 0
  block_cache: 0x7fa2ef031278
  block_cache_name: LRUCache
  block_cache_options:
    capacity : 8388608
    num_shard_bits : 4
    strict_capacity_limit : 0
    memory_allocator : None
    high_pri_pool_ratio: 0.000
  block_cache_compressed: 0x0
  persistent_cache: 0x0
  block_size: 4096
  block_size_deviation: 10
  block_restart_interval: 16
  index_block_restart_interval: 1
  metadata_block_size: 4096
  partition_filters: 0
  use_delta_encoding: 1
  filter_policy: nullptr
  whole_key_filtering: 1
  verify_compression: 0
  read_amp_bytes_per_bit: 0
  format_version: 5
  enable_index_compression: 1
  block_align: 0
2023/11/15-16:39:20.130717 206f82240        Options.write_buffer_size: 67108864
2023/11/15-16:39:20.130718 206f82240  Options.max_write_buffer_number: 2
2023/11/15-16:39:20.130719 206f82240          Options.compression: NoCompression
2023/11/15-16:39:20.130720 206f82240                  Options.bottommost_compression: Disabled
2023/11/15-16:39:20.130720 206f82240       Options.prefix_extractor: nullptr
2023/11/15-16:39:20.130721 206f82240   Options.memtable_insert_with_hint_prefix_extractor: nullptr
2023/11/15-16:39:20.130722 206f82240             Options.num_levels: 7
2023/11/15-16:39:20.130723 206f82240        Options.min_write_buffer_number_to_merge: 1
2023/11/15-16:39:20.130724 206f82240     Options.max_write_buffer_number_to_maintain: 0
2023/11/15-16:39:20.130724 206f82240     Options.max_write_buffer_size_to_maintain: 0
2023/11/15-16:39:20.130725 206f82240            Options.bottommost_compression_opts.window_bits: -14
2023/11/15-16:39:20.130726 206f82240                  Options.bottommost_compression_opts.level: 32767
2023/11/15-16:39:20.130727 206f82240               Options.bottommost_compression_opts.strategy: 0
2023/11/15-16:39:20.130728 206f82240         Options.bottommost_compression_opts.max_dict_bytes: 0
2023/11/15-16:39:20.130729 206f82240         Options.bottommost_compression_opts.zstd_max_train_bytes: 0
2023/11/15-16:39:20.130729 206f82240         Options.bottommost_compression_opts.parallel_threads: 1
2023/11/15-16:39:20.130730 206f82240                  Options.bottommost_compression_opts.enabled: false
2023/11/15-16:39:20.130731 206f82240         Options.bottommost_compression_opts.max_dict_buffer_bytes: 0
2023/11/15-16:39:20.130732 206f82240            Options.compression_opts.window_bits: -14
2023/11/15-16:39:20.130733 206f82240                  Options.compression_opts.level: 32767
2023/11/15-16:39:20.130733 206f82240               Options.compression_opts.strategy: 0
2023/11/15-16:39:20.130734 206f82240         Options.compression_opts.max_dict_bytes: 0
2023/11/15-16:39:20.130735 206f82240         Options.compression_opts.zstd_max_train_bytes: 0
2023/11/15-16:39:20.130736 206f82240         Options.compression_opts.parallel_threads: 1
2023/11/15-16:39:20.130737 206f82240                  Options.compression_opts.enabled: false
2023/11/15-16:39:20.130747 206f82240         Options.compression_opts.max_dict_buffer_bytes: 0
2023/11/15-16:39:20.130748 206f82240      Options.level0_file_num_compaction_trigger: 4
2023/11/15-16:39:20.130749 206f82240          Options.level0_slowdown_writes_trigger: 20
2023/11/15-16:39:20.130750 206f82240              Options.level0_stop_writes_trigger: 36
2023/11/15-16:39:20.130751 206f82240                   Options.target_file_size_base: 67108864
2023/11/15-16:39:20.130752 206f82240             Options.target_file_size_multiplier: 1
2023/11/15-16:39:20.130753 206f82240                Options.max_bytes_for_level_base: 268435456
2023/11/15-16:39:20.130753 206f82240 Options.level_compaction_dynamic_level_bytes: 0
2023/11/15-16:39:20.130754 206f82240          Options.max_bytes_for_level_multiplier: 10.000000
2023/11/15-16:39:20.130755 206f82240 Options.max_bytes_for_level_multiplier_addtl[0]: 1
2023/11/15-16:39:20.130756 206f82240 Options.max_bytes_for_level_multiplier_addtl[1]: 1
2023/11/15-16:39:20.130757 206f82240 Options.max_bytes_for_level_multiplier_addtl[2]: 1
2023/11/15-16:39:20.130758 206f82240 Options.max_bytes_for_level_multiplier_addtl[3]: 1
2023/11/15-16:39:20.130758 206f82240 Options.max_bytes_for_level_multiplier_addtl[4]: 1
2023/11/15-16:39:20.130759 206f82240 Options.max_bytes_for_level_multiplier_addtl[5]: 1
2023/11/15-16:39:20.130760 206f82240 Options.max_bytes_for_level_multiplier_addtl[6]: 1
2023/11/15-16:39:20.130761 206f82240       Options.max_sequential_skip_in_iterations: 8
2023/11/15-16:39:20.130762 206f82240                    Options.max_compaction_bytes: 1677721600
2023/11/15-16:39:20.130763 206f82240                        Options.arena_block_size: 8388608
2023/11/15-16:39:20.130763 206f82240   Options.soft_pending_compaction_bytes_limit: 68719476736
2023/11/15-16:39:20.130764 206f82240   Options.hard_pending_compaction_bytes_limit: 274877906944
2023/11/15-16:39:20.130765 206f82240       Options.rate_limit_delay_max_milliseconds: 100
2023/11/15-16:39:20.130766 206f82240                Options.disable_auto_compactions: 1
2023/11/15-16:39:20.130767 206f82240                        Options.compaction_style: kCompactionStyleLevel
2023/11/15-16:39:20.130768 206f82240                          Options.compaction_pri: kMinOverlappingRatio
2023/11/15-16:39:20.130768 206f82240 Options.compaction_options_universal.size_ratio: 1
2023/11/15-16:39:20.130769 206f82240 Options.compaction_options_universal.min_merge_width: 2
2023/11/15-16:39:20.130770 206f82240 Options.compaction_options_universal.max_merge_width: 4294967295
2023/11/15-16:39:20.130771 206f82240 Options.compaction_options_universal.max_size_amplification_percent: 200
2023/11/15-16:39:20.130772 206f82240 Options.compaction_options_universal.compression_size_percent: -1
2023/11/15-16:39:20.130773 206f82240 Options.compaction_options_universal.stop_style: kCompactionStopStyleTotalSize
2023/11/15-16:39:20.130774 206f82240 Options.compaction_options_fifo.max_table_files_size: 1073741824
2023/11/15-16:39:20.130774 206f82240 Options.compaction_options_fifo.allow_compaction: 0
2023/11/15-16:39:20.130775 206f82240                   Options.table_properties_collectors: 
2023/11/15-16:39:20.130776 206f82240                   Options.inplace_update_support: 0
2023/11/15-16:39:20.130777 206f82240                 Options.inplace_update_num_locks: 10000
2023/11/15-16:39:20.130778 206f82240               Options.memtable_prefix_bloom_size_ratio: 0.000000
2023/11/15-16:39:20.130779 206f82240               Options.memtable_whole_key_filtering: 0
2023/11/15-16:39:20.130780 206f82240   Options.memtable_huge_page_size: 0
2023/11/15-16:39:20.130780 206f82240                           Options.bloom_locality: 0
2023/11/15-16:39:20.130781 206f82240                    Options.max_successive_merges: 0
2023/11/15-16:39:20.130782 206f82240                Options.optimize_filters_for_hits: 0
2023/11/15-16:39:20.130783 206f82240                Options.paranoid_file_checks: 0
2023/11/15-16:39:20.130784 206f82240                Options.force_consistency_checks: 1
2023/11/15-16:39:20.130791 206f82240                Options.report_bg_io_stats: 0
2023/11/15-16:39:20.130792 206f82240                               Options.ttl: 2592000
2023/11/15-16:39:20.130793 206f82240          Options.periodic_compaction_seconds: 2592000
2023/11/15-16:39:20.130794 206f82240                    Options.enable_blob_files: false
2023/11/15-16:39:20.130795 206f82240                        Options.min_blob_size: 0
2023/11/15-16:39:20.130796 206f82240                       Options.blob_file_size: 268435456
2023/11/15-16:39:20.130796 206f82240                Options.blob_compression_type: NoCompression
2023/11/15-16:39:20.130797 206f82240       Options.enable_blob_garbage_collection: false
2023/11/15-16:39:20.130798 206f82240   Options.blob_garbage_collection_age_cutoff: 0.250000
2023/11/15-16:39:20.130820 206f82240 [db/db_impl/db_impl.cc:2662] Created column family [CE] (ID 1)
2023/11/15-16:39:20.132363 206f82240 [db/column_family.cc:598] --------------- Options for column family [CES]:
2023/11/15-16:39:20.132365 206f82240               Options.comparator: leveldb.BytewiseComparator
2023/11/15-16:39:20.132366 206f82240           Options.merge_operator: None
2023/11/15-16:39:20.132367 206f82240        Options.compaction_filter: filter_outdated
2023/11/15-16:39:20.132368 206f82240        Options.compaction_filter_factory: None
2023/11/15-16:39:20.132369 206f82240  Options.sst_partitioner_factory: None
2023/11/15-16:39:20.132369 206f82240         Options.memtable_factory: SkipListFactory
2023/11/15-16:39:20.132370 206f82240            Options.table_factory: BlockBasedTable
2023/11/15-16:39:20.132387 206f82240            table_factory options:   flush_block_policy_factory: FlushBlockBySizePolicyFactory (0x7fa2ef031e50)
  cache_index_and_filter_blocks: 0
  cache_index_and_filter_blocks_with_high_priority: 1
  pin_l0_filter_and_index_blocks_in_cache: 0
  pin_top_level_index_and_filter: 1
  index_type: 0
  data_block_index_type: 0
  index_shortening: 1
  data_block_hash_table_util_ratio: 0.750000
  hash_index_allow_collision: 1
  checksum: 1
  no_block_cache: 0
  block_cache: 0x7fa2ef031e98
  block_cache_name: LRUCache
  block_cache_options:
    capacity : 8388608
    num_shard_bits : 4
    strict_capacity_limit : 0
    memory_allocator : None
    high_pri_pool_ratio: 0.000
  block_cache_compressed: 0x0
  persistent_cache: 0x0
  block_size: 4096
  block_size_deviation: 10
  block_restart_interval: 16
  index_block_restart_interval: 1
  metadata_block_size: 4096
  partition_filters: 0
  use_delta_encoding: 1
  filter_policy: nullptr
  whole_key_filtering: 1
  verify_compression: 0
  read_amp_bytes_per_bit: 0
  format_version: 5
  enable_index_compression: 1
  block_align: 0
2023/11/15-16:39:20.132388 206f82240        Options.write_buffer_size: 67108864
2023/11/15-16:39:20.132389 206f82240  Options.max_write_buffer_number: 2
2023/11/15-16:39:20.132390 206f82240          Options.compression: NoCompression
2023/11/15-16:39:20.132391 206f82240                  Options.bottommost_compression: Disabled
2023/11/15-16:39:20.132392 206f82240       Options.prefix_extractor: nullptr
2023/11/15-16:39:20.132393 206f82240   Options.memtable_insert_with_hint_prefix_extractor: nullptr
2023/11/15-16:39:20.132393 206f82240             Options.num_levels: 7
2023/11/15-16:39:20.132394 206f82240        Options.min_write_buffer_number_to_merge: 1
2023/11/15-16:39:20.132395 206f82240     Options.max_write_buffer_number_to_maintain: 0
2023/11/15-16:39:20.132396 206f82240     Options.max_write_buffer_size_to_maintain: 0
2023/11/15-16:39:20.132397 206f82240            Options.bottommost_compression_opts.window_bits: -14
2023/11/15-16:39:20.132397 206f82240                  Options.bottommost_compression_opts.level: 32767
2023/11/15-16:39:20.132398 206f82240               Options.bottommost_compression_opts.strategy: 0
2023/11/15-16:39:20.132399 206f82240         Options.bottommost_compression_opts.max_dict_bytes: 0
2023/11/15-16:39:20.132400 206f82240         Options.bottommost_compression_opts.zstd_max_train_bytes: 0
2023/11/15-16:39:20.132401 206f82240         Options.bottommost_compression_opts.parallel_threads: 1
2023/11/15-16:39:20.132401 206f82240                  Options.bottommost_compression_opts.enabled: false
2023/11/15-16:39:20.132402 206f82240         Options.bottommost_compression_opts.max_dict_buffer_bytes: 0
2023/11/15-16:39:20.132403 206f82240            Options.compression_opts.window_bits: -14
2023/11/15-16:39:20.132404 206f82240                  Options.compression_opts.level: 32767
2023/11/15-16:39:20.132405 206f82240               Options.compression_opts.strategy: 0
2023/11/15-16:39:20.132405 206f82240         Options.compression_opts.max_dict_bytes: 0
2023/11/15-16:39:20.132406 206f82240         Options.compression_opts.zstd_max_train_bytes: 0
2023/11/15-16:39:20.132407 206f82240         Options.compression_opts.parallel_threads: 1
2023/11/15-16:39:20.132408 206f82240                  Options.compression_opts.enabled: false
2023/11/15-16:39:20.132419 206f82240         Options.compression_opts.max_dict_buffer_bytes: 0
2023/11/15-16:39:20.132420 206f82240      Options.level0_file_num_compaction_trigger: 4
2023/11/15-16:39:20.132421 206f82240          Options.level0_slowdown_writes_trigger: 20
2023/11/15-16:39:20.132422 206f82240              Options.level0_stop_writes_trigger: 36
2023/11/15-16:39:20.132423 206f82240                   Options.target_file_size_base: 67108864
2023/11/15-16:39:20.132424 206f82240             Options.target_file_size_multiplier: 1
2023/11/15-16:39:20.132424 206f82240                Options.max_bytes_for_level_base: 268435456
2023/11/15-16:39:20.132425 206f82240 Options.level_compaction_dynamic_level_bytes: 0
2023/11/15-16:39:20.132426 206f82240          Options.max_bytes_for_level_multiplier: 10.000000
2023/11/15-16:39:20.132427 206f82240 Options.max_bytes_for_level_multiplier_addtl[0]: 1
2023/11/15-16:39:20.132428 206f82240 Options.max_bytes_for_level_multiplier_addtl[1]: 1
2023/11/15-16:39:20.132429 206f82240 Options.max_bytes_for_level_multiplier_addtl[2]: 1
2023/11/15-16:39:20.132430 206f82240 Options.max_bytes_for_level_multiplier_addtl[3]: 1
2023/11/15-16:39:20.132431 206f82240 Options.max_bytes_for_level_multiplier_addtl[4]: 1
2023/11/15-16:39:20.132431 206f82240 Options.max_bytes_for_level_multiplier_addtl[5]: 1
2023/11/15-16:39:20.132432 206f82240 Options.max_bytes_for_level_multiplier_addtl[6]: 1
2023/11/15-16:39:20.132433 206f82240       Options.max_sequential_skip_in_iterations: 8
2023/11/15-16:39:20.132434 206f82240                    Options.max_compaction_bytes: 1677721600
2023/11/15-16:39:20.132435 206f82240                        Options.arena_block_size: 8388608
2023/11/15-16:39:20.132435 206f82240   Options.soft_pending_compaction_bytes_limit: 68719476736
2023/11/15-16:39:20.132436 206f82240   Options.hard_pending_compaction_bytes_limit: 274877906944
2023/11/15-16:39:20.132437 206f82240       Options.rate_limit_delay_max_milliseconds: 100
2023/11/15-16:39:20.132438 206f82240                Options.disable_auto_compactions: 1
2023/11/15-16:39:20.132439 206f82240                        Options.compaction_style: kCompactionStyleLevel
2023/11/15-16:39:20.132440 206f82240                          Options.compaction_pri: kMinOverlappingRatio
2023/11/15-16:39:20.132441 206f82240 Options.compaction_options_universal.size_ratio: 1
2023/11/15-16:39:20.132442 206f82240 Options.compaction_options_universal.min_merge_width: 2
2023/11/15-16:39:20.132442 206f82240 Options.compaction_options_universal.max_merge_width: 4294967295
2023/11/15-16:39:20.132443 206f82240 Options.compaction_options_universal.max_size_amplification_percent: 200
2023/11/15-16:39:20.132444 206f82240 Options.compaction_options_universal.compression_size_percent: -1
2023/11/15-16:39:20.132445 206f82240 Options.compaction_options_universal.stop_style: kCompactionStopStyleTotalSize
2023/11/15-16:39:20.132446 206f82240 Options.compaction_options_fifo.max_table_files_size: 1073741824
2023/11/15-16:39:20.132447 206f82240 Options.compaction_options_fifo.allow_compaction: 0
2023/11/15-16:39:20.132448 206f82240                   Options.table_properties_collectors: 
2023/11/15-16:39:20.132449 206f82240                   Options.inplace_update_support: 0
2023/11/15-16:39:20.132450 206f82240                 Options.inplace_update_num_locks: 10000
2023/11/15-16:39:20.132450 206f82240               Options.memtable_prefix_bloom_size_ratio: 0.000000
2023/11/15-16:39:20.132451 206f82240               Options.memtable_whole_key_filtering: 0
2023/11/15-16:39:20.132452 206f82240   Options.memtable_huge_page_size: 0
2023/11/15-16:39:20.132453 206f82240                           Options.bloom_locality: 0
2023/11/15-16:39:20.132454 206f82240                    Options.max_successive_merges: 0
2023/11/15-16:39:20.132454 206f82240                Options.optimize_filters_for_hits: 0
2023/11/15-16:39:20.132455 206f82240                Options.paranoid_file_checks: 0
2023/11/15-16:39:20.132456 206f82240                Options.force_consistency_checks: 1
2023/11/15-16:39:20.132467 206f82240                Options.report_bg_io_stats: 0
2023/11/15-16:39:20.132468 206f82240                               Options.ttl: 2592000
2023/11/15-16:39:20.132469 206f82240          Options.periodic_compaction_seconds: 2592000
2023/11/15-16:39:20.132470 206f82240                    Options.enable_blob_files: false
2023/11/15-16:39:20.132471 206f82240                        Options.min_blob_size: 0
2023/11/15-16:39:20.132472 206f82240                       Options.blob_file_size: 268435456
2023/11/15-16:39:20.132472 206f82240                Options.blob_compression_type: NoCompression
2023/11/15-16:39:20.132473 206f82240       Options.enable_blob_garbage_collection: false
2023/11/15-16:39:20.132474 206f82240   Options.blob_garbage_collection_age_cutoff: 0.250000
2023/11/15-16:39:20.132507 206f82240 [db/db_impl/db_impl.cc:2662] Created column family [CES] (ID 2)
2023/11/15-16:39:20.136805 206f82240 [db/db_impl/db_impl_open.cc:1757] SstFileManager instance 0x7fa2ef033ab0
2023/11/15-16:39:20.136832 206f82240 DB pointer 0x7fa2ee852e00
2023/11/15-16:39:23.141950 317110000 [db/db_impl/db_impl.cc:932] ------- DUMPING STATS -------
2023/11/15-16:39:23.141962 317110000 [db/db_impl/db_impl.cc:933] 
** DB Stats **
Uptime(secs): 3.0 total, 3.0 interval
Cumulative writes: 8 writes, 8 keys, 8 commit groups, 0.9 writes per commit group, ingest: 0.00 GB, 0.00 MB/s
Cumulative WAL: 8 writes, 0 syncs, 8.00 writes per sync, written: 0.00 GB, 0.00 MB/s
Cumulative stall: 00:00:0.000 H:M:S, 0.0 percent
Interval writes: 8 writes, 8 keys, 8 commit groups, 0.9 writes per commit group, ingest: 0.00 MB, 0.00 MB/s
Interval WAL: 8 writes, 0 syncs, 8.00 writes per sync, written: 0.00 MB, 0.00 MB/s
Interval stall: 00:00:0.000 H:M:S, 0.0 percent

** Compaction Stats [default] **
Level    Files   Size     Score Read(GB)  Rn(GB) Rnp1(GB) Write(GB) Wnew(GB) Moved(GB) W-Amp Rd(MB/s) Wr(MB/s) Comp(sec) CompMergeCPU(sec) Comp(cnt) Avg(sec) KeyIn KeyDrop Rblob(GB) Wblob(GB)
------------------------------------------------------------------------------------------------------------------------------------------------------------------------------------------------
 Sum      0/0    0.00 KB   0.0      0.0     0.0      0.0       0.0      0.0       0.0   0.0      0.0      0.0      0.00              0.00         0    0.000       0      0       0.0       0.0
 Int      0/0    0.00 KB   0.0      0.0     0.0      0.0       0.0      0.0       0.0   0.0      0.0      0.0      0.00              0.00         0    0.000       0      0       0.0       0.0

** Compaction Stats [default] **
Priority    Files   Size     Score Read(GB)  Rn(GB) Rnp1(GB) Write(GB) Wnew(GB) Moved(GB) W-Amp Rd(MB/s) Wr(MB/s) Comp(sec) CompMergeCPU(sec) Comp(cnt) Avg(sec) KeyIn KeyDrop Rblob(GB) Wblob(GB)
---------------------------------------------------------------------------------------------------------------------------------------------------------------------------------------------------

Blob file count: 0, total size: 0.0 GB

Uptime(secs): 3.0 total, 3.0 interval
Flush(GB): cumulative 0.000, interval 0.000
AddFile(GB): cumulative 0.000, interval 0.000
AddFile(Total Files): cumulative 0, interval 0
AddFile(L0 Files): cumulative 0, interval 0
AddFile(Keys): cumulative 0, interval 0
Cumulative compaction: 0.00 GB write, 0.00 MB/s write, 0.00 GB read, 0.00 MB/s read, 0.0 seconds
Interval compaction: 0.00 GB write, 0.00 MB/s write, 0.00 GB read, 0.00 MB/s read, 0.0 seconds
Stalls(count): 0 level0_slowdown, 0 level0_slowdown_with_compaction, 0 level0_numfiles, 0 level0_numfiles_with_compaction, 0 stop for pending_compaction_bytes, 0 slowdown for pending_compaction_bytes, 0 memtable_compaction, 0 memtable_slowdown, interval 0 total count

** File Read Latency Histogram By Level [default] **

** Compaction Stats [CE] **
